1910973719
3291113809
2509502026
30096234435
1528746605
3432710194
1113733469
12162071272
30094649304
6591528747
3636746354
7332597337
2518898471
1428834098
5635113958
6979333222
3261874293
3262092891
2572877600
323213802
43739716948
43626502872
41140728143
3562207644
1422713231
6107072347
33503784
14818390306
1554749218
3470064254
2004496552
1603196041
1483301014
1275600917
2075896744
2275875051
4140420290
825962076
1434123388
2190241438
185299949
8538631489
2969891447
5852155856
242798567
2074077025
5628206777
1510324891
1798689360
1636338274
13261236611
1478613061
1376489155
3436377758
1651549744
513641897
1289675667
5731991136
2182589763
1487542777
1112170778
44132270979
1346136952
11406047548
1799106736
412236027
2002293797
324015519
1329214246
305891088
30817306088
15278770099
32827775948
2043326625
8455229471
7014837944
657007083
44921343875
382982907
2192170996
18329335394
7978281636
1641619239
1400956941
31946961846
3579216810
1990122846
38827551861
20686947208
2060633083
5811071608
9787965269
1579553490
6764879920
1096833491
32943894874
1088667283
624371991
229435516
2158255980
1276509775
327338288
306191108
271503470
38988325670
800836153
8773113090
4114504057
2318140276
4630975237
47454517
378814759
1275716687
6996417619
23681683804
4575215873
28923374034
3532530024
504593941
12558235146
3896357019
10395619266
39733874887
38082168019
31268102
1397709768
55030502
935783442
2077603523
298235741
1665199815
5328250687
318331729
5432241794
6807065776
3034876923
35247867
3061158091
4862044509
429909390
3229648744
1497958536
199114315
1086439604
1577862473
1755605955
449771207
1429034143
1016857253
1063680266
2318030872
44722820952
15644912243
4624537906
6982167703
259594799
53554635
44504271915
1283382192
12176854369
679246605
1067075062
11892713667
268558892
4275590749
3453872958
221693164
1502163393
36071081476
233458957
1515051738
2094293349
202553485
511769592
9071709672
9269309777
8146330992
536870056
10610999178
27459194650
1916925566
1081630350
1761319404
367449093
1485411237
1073893858
1419151303
5981481988
257247085
2669472888
319084530
2267315439
6766640214
18533647186
25523448392
3726006029
16576414041
594585350
1548319507
949137806
3429300915
185713706
6168628734
39880132870
5467473294
1704833633
2927836350
265748936
1361855120
185684094
4207964539
6866182806
5485510015
48670761
19386993097
34635621076
37489122591
380431434
31056228473
30600880956
4066923735
38905310178
1304092370
304486548
10954792248
985545127
10115473962
1316445773
10151918219
296773868
369953134
249753507
2067948229
1901755391
1022221185
779581784
4569548813
1613817194
7684860192
288844250
1662014935
1901728715
1588363331
1325340721
36402747842
1745063561
36515664588
1153693126
337233929
4102722378
1206186169
7198593100
1641154967
247072733
13816271585
1458429652
4026787975
2021884062
1973401759
1362858319
3542672577
807208781
3181298802
291661515
6948154431
4567673910
1626156868
15375553001
1366668065
1484057240
1699214613
3739498919
276789282
15371701214
21245475619
2014569103
1589081365
192830905
7113334612
5704500173
5312182295
44178909208
1917096528
9362781560
206000966
7376981472
12879607104
549804818
229657732
1170272111
29332382472
568003452
485954708
564719754
2043726664
44941036674
2065311546
10835409941
17208299249
1116629898
1433897517
2300615272
19000368359
1106999398
1509892359
2062878236
2035004299
623640479
18315603859
7624633022
2538496760
3031161000
3557788902
3563986146
4415889416
2168567157
4005078973
6008017578
19975881544
2288028540
1498729200
1573117711
40441205959
4531581429
5700782928
8314955352
2938962511
1527674819
1349633377
15903194090
1760114502
1119369484
1287066980
3080886385
2124883496
3588981548
22356454453
6362653166
1301793090
3034593085
3433228301
4947894700
1581830985
5770037038
1431505012
4939751255
9905791236
7740652264
3632856474
5803454536
963073057
1758401764
3647945091
651990468
1683052212
2323501329
5346876149
7276190472
3425958501
5571243612
1547889555
2866391291
2979329752
8319434762
5463208656
38043217557
1420593664
1505878586
9639625318
493736558
1452015308
1561022030
1564153739
1394851974
3122073873
1549519423
2272824076
5595225292
8489058832
3551927691
1660301277
14961111663
1724009634
1468118796
9146043478
2869129035
5460023762
1675100083
1414262024
3299542476
8480654531
2874460365
4295244045
923274660
2293762334
1406119458
2116342428
1465935245
7659374208
5700798251
2630565283
1754073821
3565645827
1010992856
1536457829
2084328016
4786783778
5603197317
3453423320
2047410445
6733543890
5857529503
4200426239
1174217195
1205989278
2226787771
1931354029
6997290183
1720710223
1293677426
2115909102
446662786
1919485098
2078621473
5357445032
8493895688
1173650522
1536699504
2054872474
12304107093
490945718
1806736845
3625554912
36746187025
2238270788
1900302048
5458658309
1908823836
3557189658
8237876459
1476932522
1796942648
2210513532
5595755853
680987973
1551440214
4781574689
2186271825
3033304386
5392085455
5948281813
5871186704
32069919982
4132902464
1292927406
2154027824
1731665470
1610808675
7057194690
1381645316
7730819367
596487217
3850794022
1548342847
856439116
21696564095
1018826870
26920439975
1485600833
5659263793
5311893772
3590097083
2903261405
5578698522
12991619875
1534825422
7434756631
1153665896
3081550397
8571963731
5469845348
302531933
46903240
2888542304
6050445887
1576843775
1708372488
1918886408
5439912930
389701406
2323521074
2946715132
2450206487
1289295294
13281899849
844767657
2460948352
1026169085
851224113
7231547006
1419941756
538539162
4226289978
2305350410
2166195482
5685755891
1823823293
40956859379
2955225864
1002240495
1674940795
3105961038
1531273496
4742084946
594423153
3259274895
2047896823
1941140712
1470261334
13493069888
1974349405
1465834271
1102386276
3459889878
1466271437
1522016114
4632888632
1941704286
7659892378
1901738337
4318145473
3026778549
9703200679
6757477066
1502637282
1364856359
9034380353
4226036872
1540951785
1479666646
3052460861
4976931194
1403298605
3237261848
2150749884
522499633
301266820
37963840996
1527638795
1583587325
4926783551
41338237695
1417561054
6902485613
1246032947
2270133961
312058235
1215967938
1582773349
7567172333
1214915913
3569929585
2059290475
1541257529
3272039785
3311280875
3545309587
441148180
9977185840
1021377524
13279937354
1509332774
1553565868
1823684650
2141775305
1660496917
27249491578
1937512335
3059385219
1389710795
3594030156
1615518985
10188177802
3024336032
1519549305
1670634222
3082262508
5058548245
39030257326
2258252353
550987702
3501897324
4302409019
1088941203
30575274315
5477701219
2169014986
2340692709
911949523
260970543
40883480540
2527371818
1644593442
7355909514
1164059205
550487734
1548133179
1293609424
1435151582
4115914629
5728569542
4535300181
252942545
3515735835
707281046
20273015152
1319891537
2965575478
3637785098
1971944009
4390050896
1110245588
4367692241
21753102382
1721020799
38319902649
5618687855
3552431980
1488220315
30875912859
7171225847
5464226284
1064146616
2051671384
2104503731
1506681758
1536855612
602042647
1653049100
972095641
3753741491
1963157214
4148839398
4326126779
1618013404
2169908661
2012350831
1832061181
1516371407
1577873426
1768149272
370478890
3141736973
1623258297
3614094489
923058002
1264482166
1350929204
1449855961
1393819946
1909439313
1437937301
2948963029
674003728
3245581782
1654040246
831846916
2104439719
1607285964
633050712
1453421143
3171900089
2682787166
545051302
241744318
442679618
249617475
2021415804
2066935150
2877381937
1414335956
3602128507
1964309268
2206974151
1364045072
1977825114
2167891335
1283133228
2291975922
1969113459
1475403776
1940493534
1965836693
1279395772
1556835715
1959887818
2437703303
2213155131
3213875838
2286448968
2239830690
1574731533
3426738636
1667057239
1677865504
1477175825
1489661440
1951115730
3053451402
1407201706
1199423364
1928002309
1184190953
3313470074
2516519463
1350243262
1537050859
1534661925
1667677067
1810212043
3194171627
2159097817
2259452912
1576321209
1562932299
3214072013
2326496785
1224379445
2144712113
3604976576
2093646635
3313328468
1401822849
2200451034
3805135768
1901951239
1191186128
1081619226
509468571
1806558702
3175178125
2965584277
3959641300
2383110085
2222264005
2475246069
3546360123
1966549633
2260623940
4986626465
4324948071
2338913989
30341322259
11522325183
1489586108
3056524137
1100178916
1574490498
8603729328
1985683093
2024949505
2252357182
30289021290
6239812158
7933504426
3275158025
1836596530
2110589339
43710109023
35630113087
4403606161
31850215671
2267325989
2869694187
2297166380
38054317646
7874690006
6181654721
7541913282
1503350593
1590555139
1209123865
26831263089
547004938
260845255
2237319500
1832360034
1182159860
1537705525
8480343030
1161335630
1088479293
21659911776
7739287979
3078417047
2498406714
39911393397
4326122671
4969413908
6726976098
1483533040
15665260309
3648644105
11520280356
1482076714
4099253966
954809968
12881944784
33938561211
3268495115
2243925702
5516387664
4837635401
4583985052
4174829526
1396762044
1812969726
1087457882
2255606816
3810360838
4758852743
1950861185
2114201543
1431793102
5856872231
7002441368
1260070107
2309501158
3243452234
21308342766
6929896722
1995964532
285265320
1246783377
5397277788
1541953732
2230429299
1763305841
8466174237
4395717143
5507950338
2875470568
1394086739
1078148494
3444896774
2121669356
4066068771
3968441884
1409592887
1400685940
1259418144
16379699330
37753092914
3291361650
2306688186
1994555537
1443749771
9307897335
2563161257
8883167375
4787833718
39529344564
3499956378
5925923507
1128645418
8924918677
400659152
2194380221
3039089476
2031804468
1252130776
2126120911
4557221477
1698820738
1392409651
1094361782
266622925
247252316
6105711982
3046994378
1797287670
6042550541
2123104441
8437410061
1946038405
2012154906
3999714890
5332928586
1080675106
7363161190
2042839330
2297721862
29871751685
3064634655
8617788031
1427888187
2344039348
4195351814
1186084607
4919294616
1824575133
1727574724
1491096364
19699549595
2059227595
33952468374
8460075462
1409890248
41149174193
3162418347
1421213865
6986575977
2021227989
8032880374
1549691019
7268821752
30500337700
1339722732
4686751438
1979107797
1316229477
1604109656
1536495161
1930632867
2032001454
2916928387
13622422805
1591842464
6679948392
9936695539
3321939052
2013403326
1278366671
7703502334
1643302949
1602046300
1769954314
5531064705
10937280299
10677949745
1474561232
1095255528
6068661570
4431681950
5714189620
7125417777
1334533982
1477010718
10906760804
2997812735
1417529057
1446084103
1635702254
3599260882
1339605921
5636660612
3403000729
5835094504
5893896324
5610878937
36589904551
1064191359
1797290696
548841951
4005625103
12425899581
2189085921
3621750578
1638657484
997426979
1141781363
1618109052
2022530818
5063351409
568244681
5370103821
7918100156
2180558139
2242340956
2250336702
2190733363
4842679891
6291446588
3236111372
44920116370
2226453082
7500770755
4750135283
2209872359
37595197849
1047200974
3078085677
21652189923
2100558526
35041038212
5842655719
4939081050
24434864719
3427936594
6023087333
1084507001
347247112
2242928187
2044422900
1164535980
1524475388
7925758367
3045454723
5628737738
6269501634
709785453
4930377377
2275761686
2165520355
8459607078
2069513150
4055420168
1984635537
7966304274
2138011784
8965134492
6813871283
15860351761
1479689474
2292980711
44702776247
1285650063
2074275446
1713311722
2297812238
5946177072
1514564010
528772028
4192336827
5603867054
11943102745
1447823710
1502461912
6854728100
4516813330
1216322379
8743366454
7190235553
1941019644
7059521351
5350096893
21963077996
3641232923
8073424275
6670468110
4940435518
39436663327
2932410016
1987149879
2579949446
8569582672
12857088189
8415499045
5340637552
3528020162
6829348105
3632948757
2319441963
3434056093
3269349064
2237095236
1472845060
6948382751
627866017
35571002250
1446622563
200980482
1427886903
1977201673
2460730776
2996743733
10739508680
1909221339
1504112849
2234803296
1420365560
1256796249
4020543594
6731599555
12897031515
20285233660
1480253658
1771118012
7862591210
1489649163
1538597422
1617184505
4470924116
1832122270
4285142746
5123345434
2628709993
2171585473
4325426427
1689645796
5049918584
7143153124
4303014353
29672129827
5391683339
2585334044
1336413518
1419970846
2430558225
3630058676
2510414961
4575493695
5426883134
1466103488
3439709059
1265400531
3786421731
1113401063
2156071208
3050520516
1459454521
4666329760
6851825140
780282169
42641469684
4091128504
850055792
1611440821
1472867242
1496851709
3961301525
2061726357
1445034612
1449641268
5324653955
3169191404
6848523137
1479336140
3683955509
1572846671
13206504161
1453109450
6820307706
2031349762
13748989410
16577192579
1517577834
562575950
1329467076
2718896757
3709901784
4094994398
5860159940
7016050210
3918530307
2150798845
2289837069
2031899569
5346914410
2112907187
9159106349
2324429480
1469202358
3642681428
3740539180
5490508639
2022892927
7248472269
5168045299
3085275346
1922898805
2973862188
1129241485
8881788053
1970350553
5463901707
26459890924
1600779281
1070688140
6189537016
3136156405
41162139768
486841333
3624032532
43009469804
16501879108
1481464522
4056844196
1414688286
1988129979
236384513
8660727845
7482529730
3050765436
1208475666
4106291470
6895852976
25219981383
3240137107
527382887
2087467044
1684560297
3659748524
4831010908
1820343605
4072637089
1823764567
1986467225
1430838819
9025276687
27973164584
23198467911
1964351108
4244703782
7000785018
1272815256
7405620621
34463442624
1916086136
1680632087
4145447443
5951711708
4169543775
1528175049
1659409880
1509301931
33407468273
1535618758
14897840275
8185095056
1270692679
4177076451
2289954486
317603633
837349709
2536364449
4464922539
4315820431
6808458590
2252777312
1282973713
2293000770
1518433134
1748266973
4787326181
844914832
6609491854
37394438062
3480724417
6267161176
5145755026
28189784198
1510931211
1498946603
1035221718
7741987874
613587208
1717524288
27846957109
16560311027
1252921227
2238450962
1510213525
5696563870
5839745643
2255679296
3552097516
1826684471
4175732465
37106073440
12032798011
1465940158
2217049557
2687812457
6200499056
5694919453
4413893396
5417247978
24415861030
32221858070
2078938791
2217171879
4979535926
9439176409
3121631712
2232968879
2137670292
1229293095
4421286862
3992599420
2463921602
3714549050
1128958535
12563895334
4680436063
13449012875
2292547958
2297775190
1814885746
302503099
37474169600
1686131545
3053987776
2038641037
3895686854
23119844742
1458336855
1594823328
1511083038
338945779
1799184413
5584400480
4087762604
4103935827
1558963799
2869624063
1637028964
31742381676
7566303450
4348568997
3618019717
4573578840
1430922243
7479218922
2930536363
11052784153
5467500012
2368728178
18080779004
2060164576
7657615071
2140400574
3177990289
8930743215
34835166685
6193909660
237496042
5553523651
2362585027
2061875118
5342307554
5737760958
1238511351
4231443423
2158493313
1671336273
7658197181
6364441404
2928866362
6656903207
3131096450
1412195864
2253194155
5831439877
4244633274
2256269157
1999904941
36135616276
8164582285
2473392336
4946736360
3006519598
4454918932
3462948886
644439870
4133520323
1731118645
4977559957
2314666287
4581841365
17564520150
2075207026
5396606375
5382487448
1533447214
40894293808
2334338395
5526960182
7700350647
2372615039
18083621893
1386592878
3592983765
1350301275
1536834582
4339555196
1810654251
4772455508
5595641748
3425373225
1411990007
8168040785
5310778371
3755319402
3648917923
4195220473
3256270404
4006017169
13624422770
2932226759
38653992489
5805699870
2109353886
242631359
7105277447
3604222742
1413235120
5126460056
2176622142
10427397234
4590590854
11606595957
4590979805
1326332427
1663636291
4207713118
22377824955
6163487177
3042547332
4262841722
2314537321
1508672659
5710717181
4121491604
5482168487
2118654230
2655666120
1306344588
805617759
5081583478
3282504706
2283740599
2070308280
8386152059
12762674967
1361081841
7332672356
4094154363
792973369
4008440147
4096155658
1486036261
1902528178
7119417871
4352385779
1977173775
2126193603
1604728699
1949928247
311558442
1481336120
12976283585
1691359954
3523614535
2013237524
892741995
1477037541
12141506639
248186417
3204951618
2346160461
6896506569
2955328530
6894934736
2060767376
1668557849
2155624713
5459533310
5774432803
2170167186
1207712172
411091964
3271438351
5979248368
2030291461
1625921493
36026475596
1811416792
5587325232
494584807
10164642089
4591281111
1969348642
1630894228
3093574389
1533301731
15186603093
6842671764
2005620703
3441446061
3607769813
7987383210
10647347185
7448570909
1391027436
3641826710
3997538730
3585058888
34608695036
3526373530
2166455873
4780450565
1500338100
1446196767
3543830386
1978889058
1154461720
451207959
4668689455
7232449510
3948664659
2208950082
624423783
3136327513
5399124812
3239107306
9888060709
1367612650
3162743561
4432641228
353452460
2113096347
4636036631
963930023
1412459755
1962186285
12144667209
1784767126
5488259061
1956099228
3445122603
972603741
1527755266
1679335833
1733056411
6948415026
5941703991
1292802415
1374228014
608595221
1399790983
3071442667
3974325885
19801262842
2201782971
1395291989
4485890736
4483429488
523465430
2029308932
935162726
1675422052
1943476725
3414930222
1985283944
6344138437
3057811223
1650178483
232764319
2227325846
1644772880
1545257855
1645868208
12744357360
2464442259
1555813359
1394231803
1327665634
38415055970
1107201492
2329068652
2246953088
6818244554
1538025709
8594266725
1947792808
1700334594
14421838998
3213877133
2307081968
8570368095
3078277148
6912176439
2272648843
3453267002
1684435246
34418874838
4195139654
7490156441
2240717650
2234647203
4461941746
1340148226
3531757945
10571722560
1526253746
725217770
1510462417
4427288650
39639561418
5366662871
663465325
1972846166
740202159
1792023786
3555248041
1011119195
1915123921
1345015722
1788042962
847851315
33640048897
1798721104
1960659879
592916970
2305008558
1272502349
1262030646
6063825051
1653018159
1420555267
6958896305
2272508357
4078329195
1432311423
44723416605
25524108495
1587998779
39690430332
3422379162
30727039599
8887060719
7043862041
3882930227
8221708113
5607011369
5563169036
8230049346
1938816340
6058036959
2310216445
2291214984
4180832849
5490048032
1518046953
5486252303
10409783145
1833737497
4280419347
2258961786
2229907230
4133599219
1830855969
1589300553
2119827808
5477408515
23121020923
2948840116
4188227546
2231188693
1591078310
7117456140
1609222643
6551025280
1548431479
6956128978
8296573313
1706788714
5906912822
3013346620
5780234708
2520043724
1936844391
1445573258
9372666075
1485874600
5556351948
4199768329
6048984429
2934208722
5763391892
1502038423
877549798
4269569867
2278574820
2911627971
1189947456
11154354462
3254224721
6954596626
2128541235
329230835
2346533050
28243599544
7070999040
3519604822
4392225357
3481116586
1411121550
850402268
19685837419
36019524938
4123004659
3465041758
1619311866
2251430755
1649333032
9181197232
1364839492
1647872941
4457493869
24308058143
1380776339
21991090000
1573173763
4488748001
3467754434
4323318823
33406065769
2166425231
44114343581
18812147977
3160278555
3700916263
1708478117
529248172
1676079714
4311233974
6107346242
1392591689
1775186457
4929164910
5336568466
43032227947
3447462603
1477529632
1700033867
9040565600
3869304267
1418096364
19842712607
11696993321
7567372273
33214132447
15049039819
5628914502
29414522404
1571858037
26281796836
1969825247
28211563606
4069576136
1828359692
2898247652
1504105762
12755474675
8029179516
2243890390
1553323503
9971983130
5728265684
1504180956
268733128
1267242421
13722412156
4328310542
386620667
6255156492
2231091917
1533641773
5213863125
2700285404
2036529950
3085533182
2241931073
1669690449
4657046597
8778922291
4845407555
1111228995
6854302261
304921446
7687750460
3912902043
1964486614
1570814422
1722123865
303738155
1705597706
14234262084
1396104324
6825356442
6757860693
4472875582
586030878
44606005114
1545385310
4474109351
6069913170
8787998370
6698359983
1402698623
8685542351
5964202653
2203710868
44234225632
2099423973
224472688
1525645824
3036187567
1321218023
2101700160
2218749255
6041854510
840436618
41333702206
1443796986
6169433940
4527251453
2113008481
1298818120
1587858836
1208406980
1159510210
1926802358
2803896485
7587155310
6760139130
6628665070
2984599033
1906507676
21758862894
1038466190
21851951528
1524316500
27619449142
2992406125
1446384266
5521180033
1416197534
1446741238
1475334633
756022562
1127468680
2233923117
3493006995
1978370867
2263502247
23137879110
20803639309
2358813478
1573176472
3822884657
14785691704
6722339983
28967420313
8568114407
8467657646
1922917016
15551017027
6023095127
2994824879
7440369928
2123319520
2036979627
1570858445
1607325541
3549717774
5610083832
3231392219
1520161377
1387176331
1532890043
37832531069
2103560037
3417375193
10614651206
11541028651
1138011554
4106020444
40971430107
4135793296
6225986503
1263030060
4130505579
15867056181
24344905873
2467133891
2196713352
37347973174
1034587010
24998691975
1772579190
6196716276
4871381156
8938196656
39243211606
7519651944
1475345523
1581830642
4026514975
1608281744
4126072380
8579863764
1447809757
28561009502
1466036970
3139820863
3573136982
4211613264
3593379524
2887652090
37107869325
3240749342
1503381353
5578942741
4258730376
1819026163
1913049940
5845274504
679696063
2108441575
6086763131
3676251542
1630498925
3601914112
3148973046
3189022101
1466797120
7234512835
2215591068
7564506594
1368643518
3557141645
9956747738
1947287508
1522390433
3619705507
6900918274
3560356691
1523471522
1650335236
2062327161
24050040358
1811491174
12369362727
37868556262
738514475
1682382562
6699673224
6829001675
4531644993
399308330
1320849990
472843364
6295233148
1937062319
14483417806
4126864862
1532372446
1482156543
1915301225
1702631605
9633945885
41796771151
40588793699
2955468322
4781658495
2925124814
3058395644
3659318538
4214393969
1039267543
1696124245
5449260221
30015582563
2100508931
8158137678
9231075403
1800896633
3617303042
3268437753
3177139273
43482161057
1923531992
18887930099
583419615
27476936297
3950917871
492482785
4007218931
5740077284
8205411009
2323069580
1806379729
839248527
1947044566
23189050159
1426925842
7099191645
5574900046
21056271174
19555478447
2262653174
1728743758
7695382133
1568477102
7107425673
13720565048
11290079300
19394935634
2237712829
6791775224
7801141139
4319356689
2881176642
29363184279
631549813
4923241481
10150637924
2178721029
39130272879
13220252521
1488716633
629594651
2871617337
2927305124
3146460608
8299076159
8931326645
7441270058
7088119212
2355844664
8175819625
3890312753
15746417977
1625391690
1301718685
5776076189
7987641520
5544353343
8007888300
5490767893
44544215887
1095134246
7314670353
5641623744
2138315269
5350113982
10959359213
1589484630
1446505838
12576115156
4737168993
4378011413
1586216350
1587392309
16905673373
17629158147
1579447212
4541526946
2271816533
7085934001
4775522247
1466811854
1643502553
2442873346
5811297354
2426943447
40827119300
5552497507
2248447237
1728432523
259442875
7270348970
208164446
3411185458
4069031389
1623166939
1491063442
6186568846
1451184231
1217940053
3596777430
374108308
3272456563
1687691732
8620533192
2828034692
11166617537
1631216632
4256427020
5789633726
5458723209
4245882130
6522015981
3812107852
39260440814
12907109748
2120105527
25593046803
3188751403
4069305792
4167437747
1463095636
11319898777
3191579490
37482924065
5899928445
658430723
3063258808
1479161702
1581934325
2279242437
16250440451
4517801910
1606350439
430218360
1254731292
370666312
1632936688
14934931963
2305963938
981495863
4522522639
3267582989
4206648671
1485029155
1151855433
4158695827
2926895869
1550383294
9609752139
8256973594
2277048841
4573259755
19568023956
5395365746
6991004301
2441804301
4178295561
1521060664
3474583595
4901716749
2150945656
39635642814
11870785942
14277306988
7023519017
3868938018
8514545555
1632440656
36748191507
14444189940
6679634759
22506468330
638530287
39425865232
4062254329
6264355332
2905463776
23051445686
21956023251
4370420274
4095806776
39304762355
30120298467
5996958245
1426760155
6801343027
18757176095
5821502395
709167280
2518044741
9029567385
4843103779
1685999017
5633177573
2062867030
37275071335
7203249531
1959443633
4179551034
21844381295
1516300943
6813653706
6524755671
8298946503
1656380145
2115747363
936275675
4110013475
7181823394
2976307394
1476250031
15279928584
3259190514
15459450174
2945127062
39547708654
37117670312
1961341685
764338881
2006626566
17693761325
44982182963
1322669953
8050226068
1752394096
13285509800
8383707441
26331110995
1598813566
5468103319
3255404492
6098256174
41483840619
2310188752
1059601621
3961382517
1418153678
1436547400
10744908987
903681990
29598252156
5873085761
4687643992
8104507342
3121928152
2259726853
27635337164
2363094484
10695132555
2315915635
1520594453
1509523466
3116062933
2460633206
5988705248
8306679294
1751329479
1279320188
2988565693
586680556
10449079429
2711500844
7412200621
9952817320
735248837
13223555036
1454389053
510686962
3021131392
8996788447
1441762001
1402617051
8570829801
1445617185
8364310532
36553206203
2150977268
2955283034
8925189050
8592750370
4202530909
4859749611
14653031037
22740484424
1926403883
11949700297
7308518759
1259029465
2007523490
4059711441
3062408988
1536025168
8370825523
1427714080
7017796939
8230621786
4040892752
4772790522
2282564586
18802397426
1570642591
5777980804
3523503666
26216259040
6952303573
8309524766
3810273752
40427731488
4529258886
5354302036
5440326032
5811655498
1016806270
4929268147
2287462827
2249964947
29210934687
6068907249
7858584934
4928349453
2868386275
37362475154
4611928686
6225946163
7930586454
26104697446
5622605787
5557938336
21676117803
2284262483
6332503244
2249657520
1329493046
4359578785
16335956743
11893377721
5834491782
1455382596
1575565290
2996442839
7622816419
12409950008
18081091834
1470544795
3939613892
5800892922
6131805067
2318013056
3281651899
1431802942
2038464684
9971871270
1666872312
3117972853
2994587946
1522604881
3013186754
40713538751
7180770404
629366478
247908109
17099771187
3579616060
3558207198
2244426623
3890824632
1589706861
16960201428
5467684840
2232816069
1629978660
12161707002
2899051081
2282066805
5857642164
7040467735
7873914826
2056439707
8516038966
3877521264
11836595540
6889158509
2301228137
9288366359
8597983882
1110743328
4389198923
39014071086
21903980318
1530068321
4591998661
379371594
13065098136
1991349775
12512579226
6062016397
5935832081
1277677026
28246429383
1973615036
3664472417
1320952989
2911880889
1007187534
2077136038
4704446523
42991881173
6678088209
18988715099
2801977602
1934954346
809620757
6890864045
6670653275
2310322577
3573069758
1391282917
38323525862
1968219148
31293961346
13750398821
31601613762
1735389296
1434416656
8714098796
3024269802
1968543759
4783490786
1813054100
199681473
32546357523
5707778510
16239064893
8420844721
2231031997
9029510446
31207976
13804485086
3600966039
7794667009
4093779600
36671585220
18775097355
1509488256
1694771521
4457898920
3402788230
2353436938
33610525273
7683429648
39367406744
9728058228
7010300870
43104832448
21273599974
2488604494
538098992
3665194927
20270360564
1217412810
14522358752
3654332885
1705242149
12826144195
322065225
8073819493
2005432849
4316132650
8216725414
1355795079
4109103490
546922698
1637737214
21401861663
7531294006
22988653192
1626858618
935536919
14887094668
1187635315
971322090
5620389617
2241561638
3609334929
1447825238
940235078
11820563286
1427982214
1911726719
14243452124
1627103482
2234155354
2518678282
18831855361
1386876754
2289151818
8056302462
3545034287
13342417212
1630711764
44052124001
10648200350
2988846583
7424768715
1380400090
5775617067
5396590729
8289303755
7688426708
10511025131
301896998
3423808673
3572020431
1587921761
312258988
41189897700
3278091933
1516950109
6773141445
1350594246
4146799458
1627274197
9221559039
4172876643
8585114702
8534134241
29092540329
2918440706
3193220028
1259315324
642192620
3119291256
9282536269
2646725736
4566455743
3497114828
2948741116
2178722820
5407634514
3478747017
21267711650
1817381112
1449600436
1501232012
3284140455
23195930117
6636097003
2249056797
1319402218
622724985
43248680251
2109828366
7407442017
1706245789
6737861167
2917332150
1401045429
2363228972
5663845633
24833886169
12913564470
5512749761
1469284668
27841205482
2102724363
2528328532
1697959134
9131107463
2161076609
5669872331
7875415995
1645032999
3504883881
774414881
4000705060
34686740205
6226611768
644564838
2588722123
32475233692
1684001334
1467324701
4653770662
4292010534
11317845500
6424790321
1952187322
21245575816
4731193148
36805195726
38349184583
2056453135
5553366093
2143115294
2203881225
5512798582
6664845815
227377217
4312162478
27216621659
8317313810
11155187846
9521828401
4349161770
5827543031
8465858073
419958991
8483485304
1695808855
3257868149
5488397390
1550982416
1456994844
293245779
8638831101
1695937004
742808745
1966982805
7530362256
44830331675
1262957565
30666327785
17192431329
13784479850
11390143281
6983999820
7972258721
13035978849
1788322188
1653875359
8298757188
7232626275
5618749079
979318619
3726519714
1210141655
4475866259
2528864985
6249240418
5753631299
35546118984
2243645277
2537814457
4815636419
2183110778
4054289933
7203270085
2373058219
3538527653
4067257236
5503959042
1938712204
3015722337
2290869584
7802299308
2214528799
6121448034
3056489709
40839758120
44343485264
7998053260
12434754161
2090360484
4899097544
2039502411
1392117279
11181394710
5959265487
24639065550
1814308249
2310339183
3134293852
5562445916
993485560
6120485545
5387147923
4019820949
5875432818
5705125456
1737787693
9147762334
1132162740
5329062329
44429860426
5827179168
10675092998
7034094142
1828553755
7625963042
490748398
3753535761
3607078380
1439696764
2111068556
1444169972
3739993384
39650486347
22826683879
1274499063
14774912472
1411937971
9365772680
6230711842
1076834278
1682453552
1543907145
22617258347
1796453148
1668011905
27055227702
3593025795
2112841802
26102638393
2767012728
2175641335
3256824863
3226234166
1437385220
1438286329
2083006311
3080085977
19941850434
5745430553
21495903312
2944895340
3921087948
1506898653
3573648941
12610204772
6005782462
1446373288
5826060285
6345418772
22855195856
6867891537
3722805400
7307603952
1813002473
3100172741
25333921055
6657873384
7149265756
39405813809
1437654348
1465120233
24905321456
3940376734
3020527347
21254666019
1904696694
18329741003
6839303865
39709500494
504467979
5601545892
3270624186
13944575989
5770211651
16988521140
3156814914
2362761149
4662563162
3002255080
6843487438
1824849218
2556145448
1272542953
44028039924
1548281715
3032057707
3974794189
8080154460
26092940949
21675281637
5566358025
1547316727
3618223864
3554924840
7196283066
5821254641
2976532350
2234058170
338975321
25232301601
7600141431
5409375770
1467005467
3650069998
35102597135
1117084310
1412147018
1621109939
4279165562
509858787
1967718694
1556876566
2979428386
2059867003
3413857152
1635345718
1470978178
2098739249
1527280903
1564386913
7014766634
1203371727
1279670326
7106648980
1440999250
8621028597
7245815869
2229257027
1654856019
4534775425
2056611698
10733004732
4501132960
6297148085
2827945143
13223010806
8646906843
1345977775
44701599769
8907580904
11697185372
1202580701
12295964191
7238193730
8374382315
1662902005
1005399583
3575400342
6008891719
24874836867
1484570062
2311072801
4736541386
7147400761
41634314464
4180461527
29812373659
3960283226
5648347468
1949093061
17375555617
510742536
1788189038
5624428427
1700562862
1549490832
18381484383
1405676390
8610127341
998707847
8461910476
3090200691
12334709872
22886479810
2032736003
3565478940
1367616613
5744832026
13003954955
2899100845
904785548
33439581911
1388165899
31948550173
952892577
1662054911
5451416890
27252803870
1776646274
3694182320
13536825723
1510588305
1745811023
3178957308
5460622495
3556860938
1523482841
7272325465
2205552382
1999814112
18365130476
1819749075
6472466280
4699223851
228556145
1617277242
5077189760
3686144277
4201133626
3688516647
11176495545
2287303014
2030095234
2125221471
3535120559
26545860217
4030025050
650018568
1950753764
466463807
4576376079
2136282376
3264648908
8655378591
3253684856
1547887626
7433626894
4611769220
482202115
1287106601
10268298454
8408584521
4512862826
3437196899
5614476054
44981464173
4472491133
3182917000
8631204081
5867486006
43813133694
5840805973
1727331029
1274508481
7269576188
315830895
15919204446
2263171854
6734788363
2940003191
1569458449
2522430218
3501223667
4754029044
2298903748
510542498
34730206231
1462665753
1561865155
3617869305
1542125903
1094011830
3143137993
325909770
4246091695
2084028417
1538550842
4862753132
753650317
1324822084
2013875981
7212739703
1598845696
3535206701
5449663525
2416360549
337077708
1449521269
2319256547
1501841455
1514901183
1179521471
2095237429
6029212827
1408423759
7558445260
1184633437
2002844296
3071635179
1163321110
6764130515
9942586692
546748146
2325320778
9229502192
1969743902
331469729
1430018935
7547274515
8584861045
8462270789
1477580396
1921885749
1685743439
717857284
8106955404
4189655154
1628987830
1446582417
1235573296
1672625416
1909015938
1503230716
1367431695
6432797905
6110109900
1557432941
7517845682
2098756788
7644048390
2254470737
232875166
1485061357
3205527761
1285863210
638863195
3132375072
1540490619
2527127702
3594425056
3620216378
335732556
3486478344
290740861
2362249462
7695368611
1965026539
764720044
1533770796
1553058062
1624910043
1982488829
1092880132
22607156861
2080506106
3297588363
4345750810
10403979380
3518301523
2193712519
1007077851
8595005359
1553080488
1989535805
1399120538
7030259344
1961298884
569961556
3298271990
1669743609
5673748511
2944165977
26534241007
16958175902
910617854
2936105451
25806071385
1535236490
9177346685
3153315889
474423310
3207328718
3954060270
6857267708
353594072
1436485180
5736263833
5477635580
6327458237
2284971102
26797349654
3099977146
210088173
11330092531
1467683638
1486983315
1933769183
4516260893
1430502730
1601398837
7090042953
7683949025
4704745360
1051832408
7121056937
6954654348
6437886889
7617546410
5390554435
1463285254
572053369
4312663644
1110772043
6231384099
4000638743
4401383444
3593026133
1513508553
1551187291
2428558342
2409881631
2308499851
1363207924
8069421260
1039280180
1655387511
2991898621
6836107944
446621539
4180030336
3681286825
20096383976
2230522390
5773865027
1522170673
1007309429
2890319974
3975648393
1275623393
2696326014
1907303384
1458322108
1178087322
1004323233
1535191848
5937331763
1449154341
1184056137
5819680956
8925430763
655447733
2027149801
460526725
7684024417
5595835519
2657926757
8587373997
1265416653
2238693846
1555210554
1304304885
2767246454
710367168
1387072150
2940668548
7238247049
4355173816
8153168981
3574506241
1112588357
7810773375
3168402693
1639967001
8647061228
3660669110
1767606921
1445154855
5831481350
1681340675
1533801490
1333543943
1585036430
9493311058
38886999467
1214093610
1294841880
2062007269
6931097017
1368671027
1990464711
4668680406
1749207047
1327451882
7100168543
9529615350
32027852279
1213384847
2214588522
11691565194
2867981531
1558839975
4794566890
1411896831
13150079683
1396271555
4971736033
4630270261
1395371139
5924758617
17928515824
7059391837
1997950822
40068316
633656584
8621116307
6023264686
290724376
691790284
1610183453
4469594199
4156022274
207655298
4540043359
5780611356
3139714700
3121586387
1748320883
6929301968
419608814
2340900953
2670617887
1298534473
2122547987
1528415911
2954780740
6168976471
2235414254
4335911414
30737264811
1417897050
1211143537
2016980871
4019324958
8177510440
2013427632
1490224491
4052728835
1153478528
7976997327
1779028202
6463298130
1906409386
258340052
2131669144
6828167795
1428922395
1164054721
1736213659
2960341121
2101117954
3419252017
1771449824
1257581753
2243046258
2295479479
7166731052
2031341734
24399153170
1700730296
2972470285
496521051
1447768841
2889047295
1954667680
4861722752
1331409080
363839661
3876065476
5683045577
5481810460
2202243735
5784243349
38342120635
1570810326
9023830088
1671423002
4369425349
1469746441
1902407505
1501310325
7915158156
347646998
2196032174
3633444983
1514999385
1548992971
940343388
1102299656
2059292907
4762030104
2948825757
3087275322
6754311305
2314732769
33541258034
1476573882
1615675248
7468461008
2214431788
1795658541
6122020974
2140552618
3747990924
11068689092
333611594
1013582219
5686364661
264734032
8958710782
3625831563
5468238818
2633267730
1448534049
2330558933
1232400530
754898066
43652362087
3611976997
7726212876
3549658265
1599213713
4396454037
6598316050
2308449072
4768782356
225220677
1232151154
2196234369
8915286855
1413296649
2211731875
8318340367
13029783410
1401915285
8429821737
1506594853
4629727838
525502723
9167236563
6953181302
1430569984
1526660071
6290654786
2374898175
1477949992
302336023
1831176599
1461026884
8374604289
3268168282
7030009518
5523544932
1493741121
3506979518
33723927093
831877726
2308704305
1184229404
467554521
2328151559
2110910134
7884480273
12611881312
1723598360
604269384
516306428
582506309
6854317772
2202918990
2348777906
2218639776
1374753692
1654593988
2085773361
3932299369
2330881049
275073664
1322222804
13553970439
1346360875
4514077760
1196559862
531101809
1349960424
4104038610
31296099981
7924952056
1370837641
2325436601
2302977639
3705058307
2076754176
1011074786
11472523768
8385529862
2119389567
26537547895
1524174822
1588188477
647657975
1465546785
5967261863
1946256466
2292765557
546057272
2133557386
1581460582
464352222
2117668888
5771764259
9376780886
2912839863
37354401706
3115718315
8146876030
5363502009
4698033464
8894110407
6135185556
2922095776
1121773405
1067962926
1665171184
10945587323
862537827
8929494799
8462694929
2327905494
2292777993
1013655676
1675860951
5489470608
1403633386
1369289489
3015593337
4565356575
27843785486
2061790044
1621350378
1455505901
2514627990
5723381470
12764815891
642856451
11602763417
1485199648
3457097325
480553945
1454772381
2460446859
471443707
1636959741
3022643497
11127873404
39862480328
8512444787
1206044017
3065114929
4150734612
1555490264
7688992487
7207551191
1544844097
572732642
788400582
33138651289
8729705293
1956597205
2086932777
7820566831
6425005957
6884072717
5445029887
1658525346
7856698776
2982404168
626151519
1310824195
3149537892
588049373
31336782081
6706538948
1562646567
6864510989
1832401358
2356113904
2028944250
1520446523
2291683658
9472161886
7668164100
641169269
1518666879
5779798930
1464867336
1971551154
1765679113
2277088679
1663405060
2162403484
2129402121
1767997484
8533297363
4102364447
1990431338
13235286369
1112860794
994019393
15793079034
4698268909
863098198
2897208551
1333378772
14233879665
2204279877
474446742
8074860193
4003481668
1436219457
1601936195
8778858042
7477859507
306687273
1290595013
7034361155
8330207273
1999365465
1337733850
3877364207
433339583
3071004320
7855869148
1428831878
2018631363
1768731134
9661761752
2234130354
4324354449
1613714654
2025602409
6160815648
1364582075
1537089674
8243297952
2907820167
3625858088
508635034
729772345
1465096341
5794712701
1593086559
3915593410
1512834946
1353310339
6239720947
1594573134
2132421931
1500409412
1153552311
3579929742
1807016287
3045265662
4538832953
1502772903
1241712459
21411403922
2309610706
1951906211
6188409907
2924520399
235629634
5762795983
283014560
3435852648
8034647542
2189022759
1425906512
3264264270
6008101432
8276396122
1552421043
1757311263
1099004338
6714987877
8048249793
1394990720
7543559764
3706194923
3441167975
5456015459
8593143385
395524142
5920526846
2238937091
3284728994
6871779634
2231371657
8170941635
3875231622
2151528521
982507527
3546203597
1602729661
4169734751
2345129385
2286536785
8474830660
1974431692
1663371371
2354759849
6032636996
1379702789
11321757400
6884244276
1936499041
1396708177
4788820099
4666789435
4260327728
8884493424
11087303139
7108946281
5753381104
5862226860
230156321
1476016628
1458453036
561938231
1421138004
3553959575
4475952771
1433720241
1494058139
2069721452
3044290565
8738008424
2212851931
1299170581
9243993686
1803968558
1067825181
1521451812
3668166186
1820988686
1456097304
4486239425
1999167445
6253134096
2522250775
1357062215
3956273398
3037175942
3228238476
5872683911
1476515017
983520025
449908100
4760456889
2254459053
800509958
1935306371
2125923828
6103867845
1309283200
1386351577
9951511709
1221308278
8959847222
6227759146
4414723071
1505996520
4647885288
897387162
1629227532
3515965778
5842600692
5638305856
9390823440
1998588639
5809867445
3228287839
26939118956
3253157475
7040423528
6133601348
2403330265
833379944
2992308604
395624823
4280064220
688247759
3883793351
2003885098
3067953437
500626426
5503035349
6894679361
2018510866
38487359106
7481932747
2051891335
1318018065
11144722841
7526294401
874678566
1735278781
2534015044
1326571703
9293734106
2138300427
6104954939
1478549684
5972539652
8692174191
1923056095
1599767287
2015001891
1825278715
12754122788
10410511392
1110624549
232411221
7404884210
20181266304
2513524746
1378874948
1786165294
1073976261
5726927532
28972328175
1262232592
5713797155
39425157629
1394117630
1651401101
1974536426
2208439928
1131618357
1729202657
4140025416
9368382478
1977737547
1461402054
6510767048
1557994394
4977533511
2199865425
1261712758
3159503938
8521829496
2090503204
806562169
397939462
1815089559
6913079299
672402782
5682149116
7704551335
1796823048
2610841490
1425456657
8220664971
4804531280
9016005591
21417432613
2099073644
638446221
2155792339
1604654474
8577594315
880513239
7832144398
1260108634
18096191964
7326480563
1022083433
1426653638
2133093486
1427821765
1548119321
1570754705
1438347683
4331151756
1695001290
6107610963
1302276183
1999098299
4678402003
2284608641
8895772538
367743619
5715798510
2052806742
2272616479
4638450904
1492555930
3248748507
1470944607
1561519833
1304053032
5329619957
9058685361
6865232619
700108220
1606594637
3502405244
1637715369
1947499440
1513325705
3548570568
1544103168
1328212145
3053879793
5429695762
7110906206
1089897894
5339212703
1573003874
7991252922
2090901529
7508973079
8473571619
3971469737
3018808011
3422064819
2368028414
1279035861
1107717956
26106293932
3050909578
2348902220
1739526177
5613701194
3798077626
2375355341
1979140994
5354147054
1328828239
9023814133
5549862640
2034527794
1421828544
1577107178
3305981962
9252701152
5566667720
7622265555
674600605
4868238773
1540617778
1468429730
4150327726
34920673285
3024082068
2041908850
2306963612
2108914082
2029453342
2011850805
5458178426
5503398178
1576962373
3472503324
1756995675
1505775886
3981592250
4672924083
7445375245
7198210224
9274559180
1469169281
729906960
1495593035
330095639
2671418315
33844265208
1549495201
2089815439
7743514934
7477588008
2000675878
2302214748
2042216239
202628401
7328428047
35525470715
8484751194
389996066
1720476351
6316499977
1456500617
3009405315
1334976603
6918323273
1276772992
5804598193
9652388021
1931210685
253091971
1252004943
1915384432
1625394342
1507217631
1456977941
3282168993
1370333387
1314531470
1744583911
2263589358
3633977016
11474399056
3881464212
1403843595
2533878221
2918919461
8969493618
1716947119
1379760395
5762819675
4919119123
2092908630
1495458252
33361723190
4327773456
1387136998
2698782889
18192914284
5821720489
1309319304
1092476160
1333702726
2040743832
4243814985
8972142548
9139409722
5788716477
1665865371
3217107441
1549358451
1546110631
619954612
1558969041
426088308
239937574
6948642807
846234225
2465711762
1783312373
1544019983
4507271513
10260926982
1518303293
2712343671
6762158292
9678224741
3869849594
1691120597
3519552048
8370445988
386027632
1565210527
680950181
417780553
9614029517
5507528744
1285793504
1368517403
2213018694
1587719409
3100812661
3436747599
2059944162
2508439331
2245629507
5782735774
1382459655
3011552103
6587966843
1699146835
2203666304
8144400874
9623445524
2270587772
4249569917
6338711822
5490816131
2077730353
2007079038
8436183786
3248595950
1733491231
6459591155
3893025247
1205453226
410809266
1125953887
622662845
1498017221
7128671893
5710119925
1480688209
2259100151
4757103660
1458399903
2206607265
5498704621
10503615133
4406708432
3191408127
2223294344
5741165313
1426497527
1904651790
2271759281
39630306337
839761257
3032066077
6733205344
6041617465
9226560431
2916362731
6101182830
7063992759
4795563340
2931346455
3641786928
3903314110
8322619261
1144296139
1643516274
1749249576
6900459045
525985823
4248841071
9363231180
3064643924
10819476458
2278217896
1216753540
4784882433
1625318751
2962467056
1577221502
7375827260
383082726
3129569920
1583688088
1407772912
5359703373
1053778906
4042530876
2844567553
8235996740
28091626068
2021079089
3449399430
1109731498
1719339569
523719742
1813491212
3155719989
2250779478
1427557689
5728084161
9652994332
527319741
1346272966
2231283726
1951237562
856763298
887800570
8656796260
44039993428
513115287
6160160918
8422262400
1058062379
1969041686
503798200
4131694817
36759758952
9866694905
312420470
1536064750
1831682068
1565054844
39789912832
1675726097
28978959004
1815532067
701938275
1534639780
3474160537
1617099137
723070497
8220227449
210484227
586936854
2946984037
6928873112
2885914800
1544674133
5612451108
405667958
4147441703
1454823115
1232583893
1952360515
5502371245
1480448565
2297445641
1502268230
42282675292
1577034562
36006825681
1455521848
1489764871
1346345048
6979683353
1580987654
1741945936
2066961574
4095323912
6032022142
4346976063
5596209211
457346739
6992409100
6519870806
8127424182
1392453121
6120663031
1446152446
1618003493
8027373494
3830576952
1425353350
5846886444
2527964818
2070490403
3468425547
317064273
1741904720
1916581801
2709945933
4788487295
1970992491
8933350627
1412245913
1701796128
482490384
1473195817
1972090975
5817122217
6442079572
4283914633
5429953829
1810353378
1341282376
594284282
34350833690
6235719695
5894421363
1396554636
2907704499
6207268244
930263422
2016614552
6221439638
4330366481
2963304822
3110129791
7137076280
2095417888
531501414
5351092153
5520706813
9175840801
1462390624
2218760351
1534023859
2792021493
39063105442
1545936896
14029865463
2258437799
1619919208
1324472002
7802635532
4117913322
3116040236
1094559625
3497403452
3073789144
6256990228
1581844607
8329264284
6057014896
4395401404
8323275200
16015395897
3039459305
4317954869
4394179525
2242725046
13467138620
5477901306
283078729
1601841695
8947671282
3145455928
705532679
10810312858
10383240562
3877007622
5552433495
1596317895
2237721328
5512481365
1997551207
1679013529
4688593407
4783887436
10698305411
1442042079
1900531839
4058107826
2008216999
11313807877
3135102198
6891296241
3671829203
642007465
25972355952
840648097
583371355
9250905236
7340135049
4590874697
9928959148
1277435209
1216885429
3031970063
1431900756
1359739573
862632076
945837694
1423680110
360169194
2245602608
267869251
1488478272
6047168247
4181385304
1156049446
1977650452
8285746863
4006429231
8409197028
4785847285
825838545
467314430
11646829507
7006927512
856889941
2231327561
1684249708
1450617197
37298366428
3089011917
2119871011
1246191845
2939630327
1751517507
7911549512
5965263925
1547911184
13763884167
4012046700
2883452133
280163153
3952849708
3577536181
749908500
1724205119
3568244668
5694628164
2321024307
8742554030
16707718329
33978936449
5417725474
2215601938
2971252298
1904276618
2189212739
1785366963
8304613021
5975351991
1798358147
634855027
9190363343
6082753829
456026670
1594420043
253067295
1121437236
9192866819
22410678219
1487590256
3077184656
1208713514
2372648731
2178218817
1989655978
6514230296
2297666488
7668948230
1836361936
7899460210
1797115708
1002244457
4117146175
2291139118
1644632449
290787413
3180429481
1580417117
4200689906
2246597122
355009106
1653927550
2518629721
1466195564
938117442
479383207
7047951807
7091537945
4461674564
3670524949
3285041070
3059430779
1535617086
5978847625
1680777780
14972986738
7470874912
3089243233
1646173339
7990908027
5825189792
1443244533
1435773744
7469368290
1638386946
3067406154
2022605394
8596824260
5324130613
1127926582
2132924812
1367614956
1586822916
9243123247
1952077941
1912134835
2686326687
1205036264
9238593444
1734066711
1155837323
7374591557
