43852445638
36278561705
1262549738
1652018777
39188280905
1147635078
31272804453
11823343746
7729483592
1963288286
8441672915
2928276541
11588358820
12312717726
1234539712
6357552764
23159182551
27475453384
31572542528
6825187120
43381219359
36841057532
3596404581
202180061
39569933873
37832027163
1963812550
1965002570
42596463002
19093880882
1087851914
40876553539
9067093278
43647703064
23097133
12093234794
3855595498
1297398407
7765312775
1983918949
39386122247
1558889557
1426077140
26456640898
8428254166
1679169637
37452496334
1522120714
36551857682
25110953669
9258449380
1430267953
25322127687
1489900252
1197429697
545852975
26819271545
8326921774
4303873364
3283612128
1260349346
1701116262
262687141
1187291146
3118062890
32259641888
1452993858
3912533882
1602728388
6999207017
5939071383
184057274
5831222678
264044280
27544712921
21600356968
43629802876
4560983962
1384333812
5830523971
415154706
18167124562
289198486
40344989669
2952474732
34269245688
5580408176
1273673014
585379874
1540006387
1435582845
5826745918
38915377459
998831616
43120929373
3923652014
8937070504
5922194900
42145043814
39362346864
5324360493
841918253
196436940
602054076
40895994925
44925591952
199832969
33505177314
5886316925
3177458258
273946253
1438271506
1900181886
2098528765
5910676955
37030161590
329619031
7526206150
207401466
33120059519
5835975468
6949248113
2950685900
8946886851
41218976318
1529773019
33401936728
7655888420
1024601122
4185875073
43644878638
22363140655
225428726
18339710124
2315914474
27193411560
841731575
1604233720
1702084558
3808671281
6727596357
45125968268
1081407277
21851759518
40835974221
11182340675
1314231953
40245836471
10133787188
15438942940
1768379663
33453049686
33790581182
41677693682
422026394
17524996215
522310863
34357141127
6774220368
3242501827
40607065138
12535175484
10582131141
7667294158
44022132174
15987507456
33422002858
31764664558
9178814334
7363556918
4530626770
1495387864
36901610972
395571388
6309107758
2248554625
34853428164
29673682921
26979416766
6914898625
8414291322
440783601
8627078930
36079467671
39487209664
35789470259
27394344668
36115766102
1943518988
40857229796
28480216939
6314913812
39295698071
32828837555
7462529885
9202876046
29377582123
705174131
36617366579
33640359322
6134866511
32441619099
44586748794
16494484578
43871253547
425307334
351788071
22196030393
44079161920
11395575429
44326084788
29913055453
7866546781
6033696421
1706075646
2068735202
4530191167
8287962438
8881812818
34887770571
35612574786
37023680543
12120883483
3110391729
34338827711
9378521826
3541386731
3536270619
5673758007
8346902077
3756776945
5313646843
39143534368
8442235209
18048639322
2038054449
14887372494
29618833913
5525006741
7463427558
7151645475
1548963123
234633308
4143271538
7179014313
5467356653
42427739225
39013065773
6866161239
7485228554
5503541775
1694613590
11198591276
5640399782
43699765141
1989902885
5435394321
2996646977
14586964084
3106842924
39012945016
7079908628
44401638774
33000589407
44071625761
19926261736
8529034995
1554084842
4527758308
37218571263
2005242092
38244010175
38935615335
4126905113
15147740632
7060153946
4177189250
29108287602
5475821194
33150664490
35625500307
9498897456
2078201043
36910938119
4239468136
1994461272
8642093574
6910783295
1656216369
5466625285
5976147335
19554110778
2222347909
3942681407
3189995067
8643274338
40381212141
2202808351
6825885597
7098975571
1073570509
33868668289
42386754064
2204794479
25113603301
3613523145
5552146960
26534502073
6314178885
5695665482
2194960563
6168387561
38308252945
37552814165
14438629507
36009150070
1553963051
4353026216
8551266068
670266206
1933005764
3624462302
1715772498
2066839521
3002234328
3540885903
1608000791
1830046774
1923821345
3430277544
1351660290
2882867946
2112928648
3322305494
3536683846
3415197844
3924925469
3522286389
5349767304
8093092821
8625533888
39366205517
4066165637
5348097806
3988871763
32738580389
5000519675
9368740429
40025250057
7754133789
7581368348
7695811272
7293846060
37372122224
7335962969
2989068649
7326424882
7279264610
23611697017
6534331065
21458027236
7763978892
36968716470
7606043595
3312668835
5880918684
29806428429
3666399221
11177564011
5372271711
5766087408
14257649578
5038410498
4092868172
4729818839
9686396030
4946656141
34606675487
18311188733
38546843922
5654985073
10820752741
31151493978
40024626541
8997732302
3046348844
15878958014
1538541084
7825012925
6896072610
5415584423
4371934952
5357956179
6867784080
9221433421
20179519044
5440573127
7684944763
10389767297
9861080161
3690666344
4128247086
8318674221
7124242786
3049683615
5801298708
1700033867
2238513077
8656918481
5569410080
35131207873
413607864
4046015075
34713024325
21247823177
2222395336
8450115109
21222335481
16418024504
33960502054
40720876634
42770333193
7740568039
41628036621
14421838998
1593791717
44103443254
14890083810
19561509797
11913036200
25154009766
44005892701
3143067528
3551744697
44269999571
22930695416
7327101050
29911330907
8680724751
5905871273
17042531003
5598951532
5404556808
8645683433
45000160536
3989242522
8547917237
4173967239
1938098752
42734930363
14892321653
8396982658
38094038659
3172671216
4522794367
3513347350
5324271110
34712933423
5574885503
12808988596
38307204924
6920398390
6728118093
36301252291
6021841536
14556705500
1950268783
31808401657
18241979934
37563074484
6326630095
5969384244
1809477810
7061271061
7249418270
44921247900
4068121887
27737256494
3426038004
4343118086
6043291759
3531640303
9047036711
6274853233
35339477157
6104356594
10645203878
8291996398
7727257142
7468011626
5784641226
4153510704
44114343581
4849172413
39200439189
4108646809
5803247287
37444425327
39318239087
3221719522
10189168885
9671283998
7734021423
26815488579
31039199441
7609534245
1734055129
4841445285
36820668887
29545237777
4350967350
6883566497
6167943640
2086555213
36563935880
43479350684
4837201177
25091809336
4642821490
3755975569
25611787623
40462214186
25206618135
8524795753
2227352143
5594849382
34159033753
36105672800
8614294948
4871541398
8584495102
8596981361
35576063416
1481718336
3037307875
8921485136
36753363884
7733265392
427591385
18914475080
10355593145
8103185210
861947006
1946224558
13456020953
4027727623
7767744622
3555345470
4034489906
3715328384
5170965232
23648866216
4536638571
4622904529
5699442959
7032864760
2123063033
39462610075
6698385119
1556180043
3963781947
7916358615
5907644484
25114622754
7219140543
5446285611
8134855840
7750799148
39917608153
11122258628
4412100594
44763418652
1565034118
3459848585
37265589621
3568820555
44089341699
32203684754
5372694309
8773577874
33200638311
8288339389
14170510611
43962326287
39433967540
44858203475
34881780157
6167156869
30890886718
6216560998
10226296804
5391787838
7062986666
17880227135
1402733781
1607697787
978432475
2251280012
9395793567
6642960077
12248427864
4884894722
35765737213
34126461766
8673217557
39363510587
35679709670
19147916862
1393978554
5539546425
6888664454
32644921680
6195248943
8662142898
31766059364
1937173953
2588494969
6814842405
6800371501
44288784568
4074397680
45042881742
15371590995
8433637515
44447498696
20070437109
8407477684
4698238930
2907650374
31985419239
43974911931
22133335523
8577838283
8435985190
5968645598
7147215522
43825462248
12129509959
2139174503
22126616945
3040243876
38969070964
8176148254
9399516881
5407634514
312419252
12111829073
7118273820
8705348620
10701846929
27771076774
6281097342
11942050482
36006253877
13812875268
37357653328
2255012678
4220806980
27545523253
33994514708
34322843155
21699401756
1428322968
32722545242
21703687884
20890753618
9126679563
4688998584
5588026391
10084646432
43972381868
399124672
3724032028
37759561728
6109306404
12106251518
3653722426
20941939354
26042021598
6220500310
11174733079
3608533259
6039800319
12788965830
8909678345
25275835384
14958621413
35132225473
3023066158
3115874266
10134856893
23469951357
10511446539
6856616655
12768685419
1750396925
13595391359
4186073066
2223909446
7581474212
5779564000
24810612117
42888006984
38564698756
7393024306
15888172517
21458401647
3033074709
3040990772
8104870927
1986107926
5688288643
5853115192
36181947291
8170206288
3532033810
40524042727
19936440101
13991742920
21779027065
5767158564
6253845722
23443270844
6210879618
18296452940
33687009623
3278010287
29763576854
7923533158
3635709870
42991881173
5740236763
6047730029
40186953815
1552509144
44732749193
5759299313
11044320507
39650710397
2898105162
2458042828
7268690978
13754557376
24897731344
8532296129
22718604528
6946828858
3142128674
15241886101
22814306396
4794144836
36394445476
33470540298
20452497126
31096789909
7290707003
1938129804
7624421097
38751793784
21759213693
11101692935
1793461685
39552682627
7170785604
8636299673
43801549332
1539077766
34984574225
39241924439
7034407291
21653218367
5480775848
5962634855
7773236715
13549286411
26498328385
8236222840
21948895467
23773972588
3055427269
23083047084
9187187202
14047468640
7453731420
17164240241
5890879739
11786396523
6878162105
8758232565
6997642083
44499926179
6015510681
40560483266
4214584314
12420056022
4782259212
4048918215
6695510238
7659349945
21724813135
26679582323
8646371952
857006658
598418586
9901483408
5494278200
2313126512
4146231802
15160037109
15601804723
37733741160
3229877170
42193615796
37283817405
2223187263
11428570313
4265704015
3997318899
1633025588
21997828684
1640325791
8510499116
39168415051
18066673221
7648626441
32034152056
2069298795
3225080603
30808974101
39525648056
21767100755
39178766879
4013923927
31934075657
3091565974
44669750015
29066998849
3143304207
7449397613
9741149731
34615027826
8689632875
44104524669
16727704272
20263366463
8534954486
42975021702
8677831928
9978166043
8215379351
1597084374
13712443824
22359257083
26286817453
28146679921
11675021261
32470550143
33782849825
37696571152
1200083941
11200101789
7346117815
17190197099
3224551747
2272354813
8493738039
8910799425
25341206692
11433527107
6724362923
41652635635
7991969513
39431642835
25200083685
1275407772
22359988126
40898552406
10158013502
36155150013
32219844349
17281472978
43456529098
35772764312
38316531153
37303517109
38211852730
5741679420
7375678544
43475642548
2302270549
2122279677
3876625540
5842294920
28568767403
41370489757
8358458761
10635384258
11304531004
33761870413
40886872296
34145111981
8625958023
33425185706
2124724311
5018626643
6450621678
5751150441
1499871578
2264737567
6830961530
38726198166
42732438325
1929438615
16115181274
6056678597
43092998975
4302803244
1687506021
11141835201
15182614715
8141178628
3447553293
27305879235
12164061518
37525409275
396579009
39250531244
2298827072
32929068781
14422228005
6424858976
7000320982
9286097648
1609470693
44337584610
34695681496
45204268167
8759818549
6781398255
5885540778
7353355478
36568361515
4266548100
5758849459
35359008012
11558729942
32187340375
22250298178
11810970006
12962569946
17352675512
34441321150
7426254915
37148743159
42017902247
31524731755
35423463301
32244660387
5407360261
36064242471
4354932184
43265913985
5846974913
6605973804
7873738653
6128258772
30386869428
40814795393
2021296468
18047426669
10922481983
37043271204
17767068446
2696008548
36414499884
44095981684
36643809662
8164443058
44854088849
21293774958
5791348580
15958785520
3667778344
30568713212
13711920069
32461996389
33949221571
18527985701
40846347737
32058283724
17229399325
10170655243
2281692782
1545914779
43047097355
3949131750
39423462195
383606740
9677265224
26170876877
4538659144
16187991741
43835346662
18862208413
1745815583
39218743173
29764013404
13989674146
18835907173
6830573289
1915947658
8736702149
16725027868
5570805124
17397026631
3050775507
4587489592
27527277874
8572105165
1476836953
5810555796
36371803571
5370212012
7960957569
39535099336
16400901351
8706699786
10562331910
40775743932
7425252540
42823777105
1750777437
13778314492
26692545568
9755640032
43625086095
34742766818
7342478301
44123288196
4119156169
8610871918
28161917815
8713479494
3149715621
1091641745
25331463992
5508416603
7029530332
3519213680
7235305040
9546753016
2205138345
9218543626
6042399647
14970410297
25329592154
35280189201
2263681359
1154475156
9194359006
11447290310
1054526759
8214071968
3711463162
20942256005
7102004660
9280806234
8612078399
8471808710
29681177697
9650951567
9630096905
2321155052
8562948084
40040190422
4817032591
753621034
7572102199
9471423689
1998619582
9383063456
9196420837
1991339127
8395921660
7421360309
3619586357
8936916895
8734134356
9511032838
8922845849
5741109610
32089340998
11073528249
8778469900
8005581245
2063343127
7706931125
38987245343
9691314186
9869633983
4077444358
11580019966
311644819
1424117838
8653954561
28366199166
3457557584
9048055125
7434651801
10597043522
7880316086
1715304230
9157169525
1274031807
8415035140
9452665203
9228604073
5821946222
28144646798
12880588126
8706223723
8450360241
2242919103
7435631072
22261219001
12093227959
8267119763
9505857876
8970790599
7295934728
9187728003
9639367942
9627404973
9633557548
6799538562
16133960251
3133034953
3065211111
7764313670
33906079261
4794355834
998895614
42184954255
7144607939
1697718545
9682021112
39563833750
9604362272
9464835525
2088099113
4053809530
6198333883
3938848489
3113491205
13962781474
8750533371
4290864543
1784173747
1730999781
7979114654
12305895480
16653545703
8206112725
7383856153
1403869213
7392010221
9768544574
6661021243
7518396858
4678534503
5672802898
9645068893
7396012557
3222901110
1590435853
9237397852
37480884050
8250377617
916204660
8202655098
1533640167
37047312137
2317476185
3256021357
21419276345
1918132151
9658777255
881424482
17774099346
8606106373
9396630575
9002030463
5049750773
7872503157
2038537424
1035027032
9296806797
8920389646
17164991196
5018236416
7920970289
5479846125
6286412055
9135677253
5979737221
13013327894
1459882543
7503277319
7998525023
13954361631
9010391609
9648814902
5481870603
9288123921
1286398984
8096914859
7633281643
7419623676
6943225095
5556762651
8281571568
8241851228
9463091063
9314842609
9695238086
4372055051
9468996138
3242510444
8305586275
7360343687
873406383
3123503545
7412727116
3299101336
8291650829
333083402
9479383123
2313954430
9623189423
7289505764
10373734988
2673396182
9890906600
5840489966
2278391366
593668797
8748686631
9012149127
9024965794
4398938683
9281271860
4636650292
5895250439
9537438459
9730879516
9126883429
35563757114
5508410915
8617576935
9052918383
8682565622
9680497104
1244426331
464104897
1590489303
7773672395
2369608218
19734040467
8663866244
9294480558
6923529088
9846456746
7937813528
3465139903
8897508943
7473519703
9202479277
8034797925
34398608166
4694303817
12745894305
5662605439
6057554832
38248659479
2122526723
13037264366
485239599
33497530107
6259674312
10186754057
8479301382
6934017833
7906658687
39991926802
8214032603
9490657374
6768499386
34022474340
9697440576
1492768212
12602536127
4955962032
4644664987
7802770056
9553124959
6296255257
8533347068
1483821592
9460240561
9444637914
8395214800
2244787513
9613916248
9606395317
44554731461
9382559356
39626719719
10347476581
3042058259
7401021897
1059795572
9652876909
7899890882
9678699294
8634219064
6080741557
33635411415
2970344301
5145218528
18576445123
9244799039
7547035224
3553177457
9499607280
6547139252
7398402810
8477901729
7731047465
4168336132
2177939799
7831871508
7309586273
2966798401
2022544271
9867395104
9548577284
8480694552
1809551765
6479497149
846268809
9604828565
1094367866
5840303238
2013241587
15721431451
9486950378
36727816489
3070383521
9487434139
7013604799
9517251961
14700308052
28126206362
9632708698
8333536186
32671267818
38342507217
10155549089
4150926902
6798660848
6672900487
1278017789
9632897200
1421812681
7692705021
9273131326
3552404523
4166465672
2025015345
9707586471
24883689426
3982920683
4948681756
2812755369
5932685322
9532797199
479186398
4176673827
1807248823
1913060677
8527620048
9409866837
8235456938
9483604056
9624318367
1431434011
1776604941
1597891241
30744714066
6681018672
2298585487
9438400065
7648315097
8597261426
32179412082
6874117304
8504389977
403633079
9705736259
3971168389
1683772692
22216390888
10754833492
6041658845
8944070274
8413232712
8986854580
20345003616
9167070706
31488756579
8475708967
2064914477
3180995681
9762358787
9851336477
8527025815
11336535858
9433792778
5539412968
8401668721
9627295145
8189412709
9401574628
40330447285
495861931
9652495776
9705100758
13475917229
8405615136
1273822118
19843182639
19736709276
7382370341
4532108236
9745688141
4292472191
1599191919
9722009357
25326936148
8149039580
9631894341
9439388918
6920626946
3507765714
1953311476
261603173
9429808298
7907062047
8088988760
9287047599
1908093132
8779955891
9614563778
1649843786
15045901911
7295144860
21520938147
9436121859
34819924854
29686160917
8383165079
1331838994
8775119411
8750994021
9553833239
8233915606
7629902593
1579336457
8963844403
9447568188
9187505513
2227550303
37484440333
1711842790
14588917901
6887595267
1711858448
4364789889
8575487841
8584434628
8186636895
8432255290
1437447592
8294469275
9893835007
39540067337
9487609622
9456623788
7197417027
1226992365
7946148235
9706123642
9457569077
8077331964
35474252392
3445541022
31831873809
10265607563
330765490
9527127232
6285697071
9297430719
19562630674
3018901043
1439601331
6159616196
9060455603
2251321531
8599737001
2355187878
9716362342
3638119353
32023964947
2048938422
8569428316
7322458158
6953219697
17526310912
9122256283
4069892051
9491473460
1906747774
10740816002
6238485508
8559695701
11655448556
8062972212
5853350106
4777605948
8743690274
31023981832
6037805846
5819990296
5591040217
22171764968
22002849978
9629973002
1265676872
1410900452
7725404354
8580348278
8940623269
38745987697
9149970484
1663557050
10672296820
39608608713
9422455625
3510880162
4477757076
1506332843
7773371743
7873866076
8597624398
7695506087
38308820148
1369167948
25532607177
9425640812
9668850003
39847624030
7962267429
4609006420
6836715581
9366639614
8769593447
3898756682
9671088258
9503127956
3062206706
7122644454
8765509538
7967349948
4222134428
35422935137
8571132299
33953824059
7754580988
511938710
8409234193
33397777265
5638349091
35869012327
6028726617
1118358275
9530348090
9437289372
36263717022
9753137264
4853704647
9366321004
3077065455
7201137884
37940306684
2123284965
38552065707
9313392346
34081658953
7279569098
6732492849
6203628912
8584061041
8322020020
1303512185
236819524
9641222713
8706089220
31971119262
5654670313
6106447938
8166670349
11691876281
9069775340
1370123559
8136694503
4085778393
7534617595
9738368736
5767224708
39539331620
218470410
5564651330
9365500645
3058314065
5559157329
8056399515
5924887614
4253994027
8556562810
7885228033
9060772828
8711862226
3010923420
7273275419
9162674003
8991095277
4832596625
7509219453
8490134832
